Stats for test1.dat
High:		9
Average:	6.600000
S.D.:		2.073644