Stats for test2.dat
High:		8
Average:	4.000000
S.D.:		3.535534
