Stats for test3.dat
High:		70
Average:	19.115385
S.D.:		16.298040